Warning: Constant-0 drivers added to 1 non-driven nets in network "ConstatntOne":
$true
Warning: Constant-0 drivers added to 1 non-driven nets in network "U_SP_6_6":
$false
Warning: The design has 4 root-level modules. The first one (Mult_6_6) will be used.
Hierarchy reader flattened 40 instances of logic boxes and left 0 black boxes.
INFO: Error rate: 0.8125
INFO: Mean error distance: 12.25
INFO: Normalized mean error distance: 0.00299072
INFO: Mean square error: 248.25
LUT for approximate multiplier:
0 0 0
0 1 0
0 2 0
0 3 0
0 4 0
0 5 0
0 6 0
0 7 0
0 8 0
0 9 0
0 10 0
0 11 0
0 12 0
0 13 0
0 14 0
0 15 0
0 16 0
0 17 0
0 18 0
0 19 0
0 20 0
0 21 0
0 22 0
0 23 0
0 24 0
0 25 0
0 26 0
0 27 0
0 28 0
0 29 0
0 30 0
0 31 0
0 32 0
0 33 0
0 34 0
0 35 0
0 36 0
0 37 0
0 38 0
0 39 0
0 40 0
0 41 0
0 42 0
0 43 0
0 44 0
0 45 0
0 46 0
0 47 0
0 48 0
0 49 0
0 50 0
0 51 0
0 52 0
0 53 0
0 54 0
0 55 0
0 56 0
0 57 0
0 58 0
0 59 0
0 60 0
0 61 0
0 62 0
0 63 0
1 0 0
1 1 0
1 2 0
1 3 0
1 4 0
1 5 0
1 6 0
1 7 0
1 8 0
1 9 0
1 10 0
1 11 0
1 12 0
1 13 0
1 14 0
1 15 0
1 16 16
1 17 16
1 18 16
1 19 16
1 20 16
1 21 16
1 22 16
1 23 16
1 24 16
1 25 16
1 26 16
1 27 16
1 28 16
1 29 16
1 30 16
1 31 16
1 32 32
1 33 32
1 34 32
1 35 32
1 36 32
1 37 32
1 38 32
1 39 32
1 40 32
1 41 32
1 42 32
1 43 32
1 44 32
1 45 32
1 46 32
1 47 32
1 48 48
1 49 48
1 50 48
1 51 48
1 52 48
1 53 48
1 54 48
1 55 48
1 56 48
1 57 48
1 58 48
1 59 48
1 60 48
1 61 48
1 62 48
1 63 48
2 0 0
2 1 0
2 2 0
2 3 0
2 4 0
2 5 0
2 6 0
2 7 0
2 8 16
2 9 16
2 10 16
2 11 16
2 12 16
2 13 16
2 14 16
2 15 16
2 16 32
2 17 32
2 18 32
2 19 32
2 20 32
2 21 32
2 22 32
2 23 32
2 24 48
2 25 48
2 26 48
2 27 48
2 28 48
2 29 48
2 30 48
2 31 48
2 32 64
2 33 64
2 34 64
2 35 64
2 36 64
2 37 64
2 38 64
2 39 64
2 40 80
2 41 80
2 42 80
2 43 80
2 44 80
2 45 80
2 46 80
2 47 80
2 48 96
2 49 96
2 50 96
2 51 96
2 52 96
2 53 96
2 54 96
2 55 96
2 56 112
2 57 112
2 58 112
2 59 112
2 60 112
2 61 112
2 62 112
2 63 112
3 0 0
3 1 0
3 2 0
3 3 0
3 4 0
3 5 0
3 6 0
3 7 0
3 8 16
3 9 16
3 10 16
3 11 16
3 12 16
3 13 16
3 14 16
3 15 16
3 16 48
3 17 48
3 18 48
3 19 48
3 20 48
3 21 48
3 22 48
3 23 48
3 24 64
3 25 64
3 26 64
3 27 64
3 28 64
3 29 64
3 30 64
3 31 64
3 32 96
3 33 96
3 34 96
3 35 96
3 36 96
3 37 96
3 38 96
3 39 96
3 40 112
3 41 112
3 42 112
3 43 112
3 44 112
3 45 112
3 46 112
3 47 112
3 48 144
3 49 144
3 50 144
3 51 144
3 52 144
3 53 144
3 54 144
3 55 144
3 56 160
3 57 160
3 58 160
3 59 160
3 60 160
3 61 160
3 62 160
3 63 160
4 0 0
4 1 0
4 2 0
4 3 0
4 4 16
4 5 16
4 6 16
4 7 16
4 8 32
4 9 32
4 10 32
4 11 32
4 12 48
4 13 48
4 14 48
4 15 48
4 16 64
4 17 64
4 18 64
4 19 64
4 20 80
4 21 80
4 22 80
4 23 80
4 24 96
4 25 96
4 26 96
4 27 96
4 28 112
4 29 112
4 30 112
4 31 112
4 32 128
4 33 128
4 34 128
4 35 128
4 36 144
4 37 144
4 38 144
4 39 144
4 40 160
4 41 160
4 42 160
4 43 160
4 44 176
4 45 176
4 46 176
4 47 176
4 48 192
4 49 192
4 50 192
4 51 192
4 52 208
4 53 208
4 54 208
4 55 208
4 56 224
4 57 224
4 58 224
4 59 224
4 60 240
4 61 240
4 62 240
4 63 240
5 0 0
5 1 0
5 2 0
5 3 0
5 4 16
5 5 16
5 6 16
5 7 16
5 8 32
5 9 32
5 10 32
5 11 32
5 12 48
5 13 48
5 14 48
5 15 48
5 16 80
5 17 80
5 18 80
5 19 80
5 20 96
5 21 96
5 22 96
5 23 96
5 24 112
5 25 112
5 26 112
5 27 112
5 28 128
5 29 128
5 30 128
5 31 128
5 32 160
5 33 160
5 34 160
5 35 160
5 36 176
5 37 176
5 38 176
5 39 176
5 40 192
5 41 192
5 42 192
5 43 192
5 44 208
5 45 208
5 46 208
5 47 208
5 48 240
5 49 240
5 50 240
5 51 240
5 52 256
5 53 256
5 54 256
5 55 256
5 56 272
5 57 272
5 58 272
5 59 272
5 60 288
5 61 288
5 62 288
5 63 288
6 0 0
6 1 0
6 2 0
6 3 0
6 4 16
6 5 16
6 6 16
6 7 16
6 8 48
6 9 48
6 10 48
6 11 48
6 12 64
6 13 64
6 14 64
6 15 64
6 16 96
6 17 96
6 18 96
6 19 96
6 20 112
6 21 112
6 22 112
6 23 112
6 24 144
6 25 144
6 26 144
6 27 144
6 28 160
6 29 160
6 30 160
6 31 160
6 32 192
6 33 192
6 34 192
6 35 192
6 36 208
6 37 208
6 38 208
6 39 208
6 40 240
6 41 240
6 42 240
6 43 240
6 44 256
6 45 256
6 46 256
6 47 256
6 48 288
6 49 288
6 50 288
6 51 288
6 52 304
6 53 304
6 54 304
6 55 304
6 56 336
6 57 336
6 58 336
6 59 336
6 60 352
6 61 352
6 62 352
6 63 352
7 0 0
7 1 0
7 2 0
7 3 0
7 4 16
7 5 16
7 6 16
7 7 16
7 8 48
7 9 48
7 10 48
7 11 48
7 12 64
7 13 64
7 14 64
7 15 64
7 16 112
7 17 112
7 18 112
7 19 112
7 20 128
7 21 128
7 22 128
7 23 128
7 24 160
7 25 160
7 26 160
7 27 160
7 28 176
7 29 176
7 30 176
7 31 176
7 32 224
7 33 224
7 34 224
7 35 224
7 36 240
7 37 240
7 38 240
7 39 240
7 40 272
7 41 272
7 42 272
7 43 272
7 44 288
7 45 288
7 46 288
7 47 288
7 48 336
7 49 336
7 50 336
7 51 336
7 52 352
7 53 352
7 54 352
7 55 352
7 56 384
7 57 384
7 58 384
7 59 384
7 60 400
7 61 400
7 62 400
7 63 400
8 0 0
8 1 0
8 2 16
8 3 16
8 4 32
8 5 32
8 6 48
8 7 48
8 8 64
8 9 64
8 10 80
8 11 80
8 12 96
8 13 96
8 14 112
8 15 112
8 16 128
8 17 128
8 18 144
8 19 144
8 20 160
8 21 160
8 22 176
8 23 176
8 24 192
8 25 192
8 26 208
8 27 208
8 28 224
8 29 224
8 30 240
8 31 240
8 32 256
8 33 256
8 34 272
8 35 272
8 36 288
8 37 288
8 38 304
8 39 304
8 40 320
8 41 320
8 42 336
8 43 336
8 44 352
8 45 352
8 46 368
8 47 368
8 48 384
8 49 384
8 50 400
8 51 400
8 52 416
8 53 416
8 54 432
8 55 432
8 56 448
8 57 448
8 58 464
8 59 464
8 60 480
8 61 480
8 62 496
8 63 496
9 0 0
9 1 0
9 2 16
9 3 16
9 4 32
9 5 32
9 6 48
9 7 48
9 8 64
9 9 64
9 10 80
9 11 80
9 12 96
9 13 96
9 14 112
9 15 112
9 16 144
9 17 144
9 18 160
9 19 160
9 20 176
9 21 176
9 22 192
9 23 192
9 24 208
9 25 208
9 26 224
9 27 224
9 28 240
9 29 240
9 30 256
9 31 256
9 32 288
9 33 288
9 34 304
9 35 304
9 36 320
9 37 320
9 38 336
9 39 336
9 40 352
9 41 352
9 42 368
9 43 368
9 44 384
9 45 384
9 46 400
9 47 400
9 48 432
9 49 432
9 50 448
9 51 448
9 52 464
9 53 464
9 54 480
9 55 480
9 56 496
9 57 496
9 58 512
9 59 512
9 60 528
9 61 528
9 62 544
9 63 544
10 0 0
10 1 0
10 2 16
10 3 16
10 4 32
10 5 32
10 6 48
10 7 48
10 8 80
10 9 80
10 10 96
10 11 96
10 12 112
10 13 112
10 14 128
10 15 128
10 16 160
10 17 160
10 18 176
10 19 176
10 20 192
10 21 192
10 22 208
10 23 208
10 24 240
10 25 240
10 26 256
10 27 256
10 28 272
10 29 272
10 30 288
10 31 288
10 32 320
10 33 320
10 34 336
10 35 336
10 36 352
10 37 352
10 38 368
10 39 368
10 40 400
10 41 400
10 42 416
10 43 416
10 44 432
10 45 432
10 46 448
10 47 448
10 48 480
10 49 480
10 50 496
10 51 496
10 52 512
10 53 512
10 54 528
10 55 528
10 56 560
10 57 560
10 58 576
10 59 576
10 60 592
10 61 592
10 62 608
10 63 608
11 0 0
11 1 0
11 2 16
11 3 16
11 4 32
11 5 32
11 6 48
11 7 48
11 8 80
11 9 80
11 10 96
11 11 96
11 12 112
11 13 112
11 14 128
11 15 128
11 16 176
11 17 176
11 18 192
11 19 192
11 20 208
11 21 208
11 22 224
11 23 224
11 24 256
11 25 256
11 26 272
11 27 272
11 28 288
11 29 288
11 30 304
11 31 304
11 32 352
11 33 352
11 34 368
11 35 368
11 36 384
11 37 384
11 38 400
11 39 400
11 40 432
11 41 432
11 42 448
11 43 448
11 44 464
11 45 464
11 46 480
11 47 480
11 48 528
11 49 528
11 50 544
11 51 544
11 52 560
11 53 560
11 54 576
11 55 576
11 56 608
11 57 608
11 58 624
11 59 624
11 60 640
11 61 640
11 62 656
11 63 656
12 0 0
12 1 0
12 2 16
12 3 16
12 4 48
12 5 48
12 6 64
12 7 64
12 8 96
12 9 96
12 10 112
12 11 112
12 12 144
12 13 144
12 14 160
12 15 160
12 16 192
12 17 192
12 18 208
12 19 208
12 20 240
12 21 240
12 22 256
12 23 256
12 24 288
12 25 288
12 26 304
12 27 304
12 28 336
12 29 336
12 30 352
12 31 352
12 32 384
12 33 384
12 34 400
12 35 400
12 36 432
12 37 432
12 38 448
12 39 448
12 40 480
12 41 480
12 42 496
12 43 496
12 44 528
12 45 528
12 46 544
12 47 544
12 48 576
12 49 576
12 50 592
12 51 592
12 52 624
12 53 624
12 54 640
12 55 640
12 56 672
12 57 672
12 58 688
12 59 688
12 60 720
12 61 720
12 62 736
12 63 736
13 0 0
13 1 0
13 2 16
13 3 16
13 4 48
13 5 48
13 6 64
13 7 64
13 8 96
13 9 96
13 10 112
13 11 112
13 12 144
13 13 144
13 14 160
13 15 160
13 16 208
13 17 208
13 18 224
13 19 224
13 20 256
13 21 256
13 22 272
13 23 272
13 24 304
13 25 304
13 26 320
13 27 320
13 28 352
13 29 352
13 30 368
13 31 368
13 32 416
13 33 416
13 34 432
13 35 432
13 36 464
13 37 464
13 38 480
13 39 480
13 40 512
13 41 512
13 42 528
13 43 528
13 44 560
13 45 560
13 46 576
13 47 576
13 48 624
13 49 624
13 50 640
13 51 640
13 52 672
13 53 672
13 54 688
13 55 688
13 56 720
13 57 720
13 58 736
13 59 736
13 60 768
13 61 768
13 62 784
13 63 784
14 0 0
14 1 0
14 2 16
14 3 16
14 4 48
14 5 48
14 6 64
14 7 64
14 8 112
14 9 112
14 10 128
14 11 128
14 12 160
14 13 160
14 14 176
14 15 176
14 16 224
14 17 224
14 18 240
14 19 240
14 20 272
14 21 272
14 22 288
14 23 288
14 24 336
14 25 336
14 26 352
14 27 352
14 28 384
14 29 384
14 30 400
14 31 400
14 32 448
14 33 448
14 34 464
14 35 464
14 36 496
14 37 496
14 38 512
14 39 512
14 40 560
14 41 560
14 42 576
14 43 576
14 44 608
14 45 608
14 46 624
14 47 624
14 48 672
14 49 672
14 50 688
14 51 688
14 52 720
14 53 720
14 54 736
14 55 736
14 56 784
14 57 784
14 58 800
14 59 800
14 60 832
14 61 832
14 62 848
14 63 848
15 0 0
15 1 0
15 2 16
15 3 16
15 4 48
15 5 48
15 6 64
15 7 64
15 8 112
15 9 112
15 10 128
15 11 128
15 12 160
15 13 160
15 14 176
15 15 176
15 16 240
15 17 240
15 18 256
15 19 256
15 20 288
15 21 288
15 22 304
15 23 304
15 24 352
15 25 352
15 26 368
15 27 368
15 28 400
15 29 400
15 30 416
15 31 416
15 32 480
15 33 480
15 34 496
15 35 496
15 36 528
15 37 528
15 38 544
15 39 544
15 40 592
15 41 592
15 42 608
15 43 608
15 44 640
15 45 640
15 46 656
15 47 656
15 48 720
15 49 720
15 50 736
15 51 736
15 52 768
15 53 768
15 54 784
15 55 784
15 56 832
15 57 832
15 58 848
15 59 848
15 60 880
15 61 880
15 62 896
15 63 896
16 0 0
16 1 16
16 2 32
16 3 48
16 4 64
16 5 80
16 6 96
16 7 112
16 8 128
16 9 144
16 10 160
16 11 176
16 12 192
16 13 208
16 14 224
16 15 240
16 16 256
16 17 272
16 18 288
16 19 304
16 20 320
16 21 336
16 22 352
16 23 368
16 24 384
16 25 400
16 26 416
16 27 432
16 28 448
16 29 464
16 30 480
16 31 496
16 32 512
16 33 528
16 34 544
16 35 560
16 36 576
16 37 592
16 38 608
16 39 624
16 40 640
16 41 656
16 42 672
16 43 688
16 44 704
16 45 720
16 46 736
16 47 752
16 48 768
16 49 784
16 50 800
16 51 816
16 52 832
16 53 848
16 54 864
16 55 880
16 56 896
16 57 912
16 58 928
16 59 944
16 60 960
16 61 976
16 62 992
16 63 1008
17 0 0
17 1 16
17 2 32
17 3 48
17 4 64
17 5 80
17 6 96
17 7 112
17 8 128
17 9 144
17 10 160
17 11 176
17 12 192
17 13 208
17 14 224
17 15 240
17 16 272
17 17 288
17 18 304
17 19 320
17 20 336
17 21 352
17 22 368
17 23 384
17 24 400
17 25 416
17 26 432
17 27 448
17 28 464
17 29 480
17 30 496
17 31 512
17 32 544
17 33 560
17 34 576
17 35 592
17 36 608
17 37 624
17 38 640
17 39 656
17 40 672
17 41 688
17 42 704
17 43 720
17 44 736
17 45 752
17 46 768
17 47 784
17 48 816
17 49 832
17 50 848
17 51 864
17 52 880
17 53 896
17 54 912
17 55 928
17 56 944
17 57 960
17 58 976
17 59 992
17 60 1008
17 61 1024
17 62 1040
17 63 1056
18 0 0
18 1 16
18 2 32
18 3 48
18 4 64
18 5 80
18 6 96
18 7 112
18 8 144
18 9 160
18 10 176
18 11 192
18 12 208
18 13 224
18 14 240
18 15 256
18 16 288
18 17 304
18 18 320
18 19 336
18 20 352
18 21 368
18 22 384
18 23 400
18 24 432
18 25 448
18 26 464
18 27 480
18 28 496
18 29 512
18 30 528
18 31 544
18 32 576
18 33 592
18 34 608
18 35 624
18 36 640
18 37 656
18 38 672
18 39 688
18 40 720
18 41 736
18 42 752
18 43 768
18 44 784
18 45 800
18 46 816
18 47 832
18 48 864
18 49 880
18 50 896
18 51 912
18 52 928
18 53 944
18 54 960
18 55 976
18 56 1008
18 57 1024
18 58 1040
18 59 1056
18 60 1072
18 61 1088
18 62 1104
18 63 1120
19 0 0
19 1 16
19 2 32
19 3 48
19 4 64
19 5 80
19 6 96
19 7 112
19 8 144
19 9 160
19 10 176
19 11 192
19 12 208
19 13 224
19 14 240
19 15 256
19 16 304
19 17 320
19 18 336
19 19 352
19 20 368
19 21 384
19 22 400
19 23 416
19 24 448
19 25 464
19 26 480
19 27 496
19 28 512
19 29 528
19 30 544
19 31 560
19 32 608
19 33 624
19 34 640
19 35 656
19 36 672
19 37 688
19 38 704
19 39 720
19 40 752
19 41 768
19 42 784
19 43 800
19 44 816
19 45 832
19 46 848
19 47 864
19 48 912
19 49 928
19 50 944
19 51 960
19 52 976
19 53 992
19 54 1008
19 55 1024
19 56 1056
19 57 1072
19 58 1088
19 59 1104
19 60 1120
19 61 1136
19 62 1152
19 63 1168
20 0 0
20 1 16
20 2 32
20 3 48
20 4 80
20 5 96
20 6 112
20 7 128
20 8 160
20 9 176
20 10 192
20 11 208
20 12 240
20 13 256
20 14 272
20 15 288
20 16 320
20 17 336
20 18 352
20 19 368
20 20 400
20 21 416
20 22 432
20 23 448
20 24 480
20 25 496
20 26 512
20 27 528
20 28 560
20 29 576
20 30 592
20 31 608
20 32 640
20 33 656
20 34 672
20 35 688
20 36 720
20 37 736
20 38 752
20 39 768
20 40 800
20 41 816
20 42 832
20 43 848
20 44 880
20 45 896
20 46 912
20 47 928
20 48 960
20 49 976
20 50 992
20 51 1008
20 52 1040
20 53 1056
20 54 1072
20 55 1088
20 56 1120
20 57 1136
20 58 1152
20 59 1168
20 60 1200
20 61 1216
20 62 1232
20 63 1248
21 0 0
21 1 16
21 2 32
21 3 48
21 4 80
21 5 96
21 6 112
21 7 128
21 8 160
21 9 176
21 10 192
21 11 208
21 12 240
21 13 256
21 14 272
21 15 288
21 16 336
21 17 352
21 18 368
21 19 384
21 20 416
21 21 432
21 22 448
21 23 464
21 24 496
21 25 512
21 26 528
21 27 544
21 28 576
21 29 592
21 30 608
21 31 624
21 32 672
21 33 688
21 34 704
21 35 720
21 36 752
21 37 768
21 38 784
21 39 800
21 40 832
21 41 848
21 42 864
21 43 880
21 44 912
21 45 928
21 46 944
21 47 960
21 48 1008
21 49 1024
21 50 1040
21 51 1056
21 52 1088
21 53 1104
21 54 1120
21 55 1136
21 56 1168
21 57 1184
21 58 1200
21 59 1216
21 60 1248
21 61 1264
21 62 1280
21 63 1296
22 0 0
22 1 16
22 2 32
22 3 48
22 4 80
22 5 96
22 6 112
22 7 128
22 8 176
22 9 192
22 10 208
22 11 224
22 12 256
22 13 272
22 14 288
22 15 304
22 16 352
22 17 368
22 18 384
22 19 400
22 20 432
22 21 448
22 22 464
22 23 480
22 24 528
22 25 544
22 26 560
22 27 576
22 28 608
22 29 624
22 30 640
22 31 656
22 32 704
22 33 720
22 34 736
22 35 752
22 36 784
22 37 800
22 38 816
22 39 832
22 40 880
22 41 896
22 42 912
22 43 928
22 44 960
22 45 976
22 46 992
22 47 1008
22 48 1056
22 49 1072
22 50 1088
22 51 1104
22 52 1136
22 53 1152
22 54 1168
22 55 1184
22 56 1232
22 57 1248
22 58 1264
22 59 1280
22 60 1312
22 61 1328
22 62 1344
22 63 1360
23 0 0
23 1 16
23 2 32
23 3 48
23 4 80
23 5 96
23 6 112
23 7 128
23 8 176
23 9 192
23 10 208
23 11 224
23 12 256
23 13 272
23 14 288
23 15 304
23 16 368
23 17 384
23 18 400
23 19 416
23 20 448
23 21 464
23 22 480
23 23 496
23 24 544
23 25 560
23 26 576
23 27 592
23 28 624
23 29 640
23 30 656
23 31 672
23 32 736
23 33 752
23 34 768
23 35 784
23 36 816
23 37 832
23 38 848
23 39 864
23 40 912
23 41 928
23 42 944
23 43 960
23 44 992
23 45 1008
23 46 1024
23 47 1040
23 48 1104
23 49 1120
23 50 1136
23 51 1152
23 52 1184
23 53 1200
23 54 1216
23 55 1232
23 56 1280
23 57 1296
23 58 1312
23 59 1328
23 60 1360
23 61 1376
23 62 1392
23 63 1408
24 0 0
24 1 16
24 2 48
24 3 64
24 4 96
24 5 112
24 6 144
24 7 160
24 8 192
24 9 208
24 10 240
24 11 256
24 12 288
24 13 304
24 14 336
24 15 352
24 16 384
24 17 400
24 18 432
24 19 448
24 20 480
24 21 496
24 22 528
24 23 544
24 24 576
24 25 592
24 26 624
24 27 640
24 28 672
24 29 688
24 30 720
24 31 736
24 32 768
24 33 784
24 34 816
24 35 832
24 36 864
24 37 880
24 38 912
24 39 928
24 40 960
24 41 976
24 42 1008
24 43 1024
24 44 1056
24 45 1072
24 46 1104
24 47 1120
24 48 1152
24 49 1168
24 50 1200
24 51 1216
24 52 1248
24 53 1264
24 54 1296
24 55 1312
24 56 1344
24 57 1360
24 58 1392
24 59 1408
24 60 1440
24 61 1456
24 62 1488
24 63 1504
25 0 0
25 1 16
25 2 48
25 3 64
25 4 96
25 5 112
25 6 144
25 7 160
25 8 192
25 9 208
25 10 240
25 11 256
25 12 288
25 13 304
25 14 336
25 15 352
25 16 400
25 17 416
25 18 448
25 19 464
25 20 496
25 21 512
25 22 544
25 23 560
25 24 592
25 25 608
25 26 640
25 27 656
25 28 688
25 29 704
25 30 736
25 31 752
25 32 800
25 33 816
25 34 848
25 35 864
25 36 896
25 37 912
25 38 944
25 39 960
25 40 992
25 41 1008
25 42 1040
25 43 1056
25 44 1088
25 45 1104
25 46 1136
25 47 1152
25 48 1200
25 49 1216
25 50 1248
25 51 1264
25 52 1296
25 53 1312
25 54 1344
25 55 1360
25 56 1392
25 57 1408
25 58 1440
25 59 1456
25 60 1488
25 61 1504
25 62 1536
25 63 1552
26 0 0
26 1 16
26 2 48
26 3 64
26 4 96
26 5 112
26 6 144
26 7 160
26 8 208
26 9 224
26 10 256
26 11 272
26 12 304
26 13 320
26 14 352
26 15 368
26 16 416
26 17 432
26 18 464
26 19 480
26 20 512
26 21 528
26 22 560
26 23 576
26 24 624
26 25 640
26 26 672
26 27 688
26 28 720
26 29 736
26 30 768
26 31 784
26 32 832
26 33 848
26 34 880
26 35 896
26 36 928
26 37 944
26 38 976
26 39 992
26 40 1040
26 41 1056
26 42 1088
26 43 1104
26 44 1136
26 45 1152
26 46 1184
26 47 1200
26 48 1248
26 49 1264
26 50 1296
26 51 1312
26 52 1344
26 53 1360
26 54 1392
26 55 1408
26 56 1456
26 57 1472
26 58 1504
26 59 1520
26 60 1552
26 61 1568
26 62 1600
26 63 1616
27 0 0
27 1 16
27 2 48
27 3 64
27 4 96
27 5 112
27 6 144
27 7 160
27 8 208
27 9 224
27 10 256
27 11 272
27 12 304
27 13 320
27 14 352
27 15 368
27 16 432
27 17 448
27 18 480
27 19 496
27 20 528
27 21 544
27 22 576
27 23 592
27 24 640
27 25 656
27 26 688
27 27 704
27 28 736
27 29 752
27 30 784
27 31 800
27 32 864
27 33 880
27 34 912
27 35 928
27 36 960
27 37 976
27 38 1008
27 39 1024
27 40 1072
27 41 1088
27 42 1120
27 43 1136
27 44 1168
27 45 1184
27 46 1216
27 47 1232
27 48 1296
27 49 1312
27 50 1344
27 51 1360
27 52 1392
27 53 1408
27 54 1440
27 55 1456
27 56 1504
27 57 1520
27 58 1552
27 59 1568
27 60 1600
27 61 1616
27 62 1648
27 63 1664
28 0 0
28 1 16
28 2 48
28 3 64
28 4 112
28 5 128
28 6 160
28 7 176
28 8 224
28 9 240
28 10 272
28 11 288
28 12 336
28 13 352
28 14 384
28 15 400
28 16 448
28 17 464
28 18 496
28 19 512
28 20 560
28 21 576
28 22 608
28 23 624
28 24 672
28 25 688
28 26 720
28 27 736
28 28 784
28 29 800
28 30 832
28 31 848
28 32 896
28 33 912
28 34 944
28 35 960
28 36 1008
28 37 1024
28 38 1056
28 39 1072
28 40 1120
28 41 1136
28 42 1168
28 43 1184
28 44 1232
28 45 1248
28 46 1280
28 47 1296
28 48 1344
28 49 1360
28 50 1392
28 51 1408
28 52 1456
28 53 1472
28 54 1504
28 55 1520
28 56 1568
28 57 1584
28 58 1616
28 59 1632
28 60 1680
28 61 1696
28 62 1728
28 63 1744
29 0 0
29 1 16
29 2 48
29 3 64
29 4 112
29 5 128
29 6 160
29 7 176
29 8 224
29 9 240
29 10 272
29 11 288
29 12 336
29 13 352
29 14 384
29 15 400
29 16 464
29 17 480
29 18 512
29 19 528
29 20 576
29 21 592
29 22 624
29 23 640
29 24 688
29 25 704
29 26 736
29 27 752
29 28 800
29 29 816
29 30 848
29 31 864
29 32 928
29 33 944
29 34 976
29 35 992
29 36 1040
29 37 1056
29 38 1088
29 39 1104
29 40 1152
29 41 1168
29 42 1200
29 43 1216
29 44 1264
29 45 1280
29 46 1312
29 47 1328
29 48 1392
29 49 1408
29 50 1440
29 51 1456
29 52 1504
29 53 1520
29 54 1552
29 55 1568
29 56 1616
29 57 1632
29 58 1664
29 59 1680
29 60 1728
29 61 1744
29 62 1776
29 63 1792
30 0 0
30 1 16
30 2 48
30 3 64
30 4 112
30 5 128
30 6 160
30 7 176
30 8 240
30 9 256
30 10 288
30 11 304
30 12 352
30 13 368
30 14 400
30 15 416
30 16 480
30 17 496
30 18 528
30 19 544
30 20 592
30 21 608
30 22 640
30 23 656
30 24 720
30 25 736
30 26 768
30 27 784
30 28 832
30 29 848
30 30 880
30 31 896
30 32 960
30 33 976
30 34 1008
30 35 1024
30 36 1072
30 37 1088
30 38 1120
30 39 1136
30 40 1200
30 41 1216
30 42 1248
30 43 1264
30 44 1312
30 45 1328
30 46 1360
30 47 1376
30 48 1440
30 49 1456
30 50 1488
30 51 1504
30 52 1552
30 53 1568
30 54 1600
30 55 1616
30 56 1680
30 57 1696
30 58 1728
30 59 1744
30 60 1792
30 61 1808
30 62 1840
30 63 1856
31 0 0
31 1 16
31 2 48
31 3 64
31 4 112
31 5 128
31 6 160
31 7 176
31 8 240
31 9 256
31 10 288
31 11 304
31 12 352
31 13 368
31 14 400
31 15 416
31 16 496
31 17 512
31 18 544
31 19 560
31 20 608
31 21 624
31 22 656
31 23 672
31 24 736
31 25 752
31 26 784
31 27 800
31 28 848
31 29 864
31 30 896
31 31 912
31 32 992
31 33 1008
31 34 1040
31 35 1056
31 36 1104
31 37 1120
31 38 1152
31 39 1168
31 40 1232
31 41 1248
31 42 1280
31 43 1296
31 44 1344
31 45 1360
31 46 1392
31 47 1408
31 48 1488
31 49 1504
31 50 1536
31 51 1552
31 52 1600
31 53 1616
31 54 1648
31 55 1664
31 56 1728
31 57 1744
31 58 1776
31 59 1792
31 60 1840
31 61 1856
31 62 1888
31 63 1904
32 0 0
32 1 32
32 2 64
32 3 96
32 4 128
32 5 160
32 6 192
32 7 224
32 8 256
32 9 288
32 10 320
32 11 352
32 12 384
32 13 416
32 14 448
32 15 480
32 16 512
32 17 544
32 18 576
32 19 608
32 20 640
32 21 672
32 22 704
32 23 736
32 24 768
32 25 800
32 26 832
32 27 864
32 28 896
32 29 928
32 30 960
32 31 992
32 32 1024
32 33 1056
32 34 1088
32 35 1120
32 36 1152
32 37 1184
32 38 1216
32 39 1248
32 40 1280
32 41 1312
32 42 1344
32 43 1376
32 44 1408
32 45 1440
32 46 1472
32 47 1504
32 48 1536
32 49 1568
32 50 1600
32 51 1632
32 52 1664
32 53 1696
32 54 1728
32 55 1760
32 56 1792
32 57 1824
32 58 1856
32 59 1888
32 60 1920
32 61 1952
32 62 1984
32 63 2016
33 0 0
33 1 32
33 2 64
33 3 96
33 4 128
33 5 160
33 6 192
33 7 224
33 8 256
33 9 288
33 10 320
33 11 352
33 12 384
33 13 416
33 14 448
33 15 480
33 16 528
33 17 560
33 18 592
33 19 624
33 20 656
33 21 688
33 22 720
33 23 752
33 24 784
33 25 816
33 26 848
33 27 880
33 28 912
33 29 944
33 30 976
33 31 1008
33 32 1056
33 33 1088
33 34 1120
33 35 1152
33 36 1184
33 37 1216
33 38 1248
33 39 1280
33 40 1312
33 41 1344
33 42 1376
33 43 1408
33 44 1440
33 45 1472
33 46 1504
33 47 1536
33 48 1584
33 49 1616
33 50 1648
33 51 1680
33 52 1712
33 53 1744
33 54 1776
33 55 1808
33 56 1840
33 57 1872
33 58 1904
33 59 1936
33 60 1968
33 61 2000
33 62 2032
33 63 2064
34 0 0
34 1 32
34 2 64
34 3 96
34 4 128
34 5 160
34 6 192
34 7 224
34 8 272
34 9 304
34 10 336
34 11 368
34 12 400
34 13 432
34 14 464
34 15 496
34 16 544
34 17 576
34 18 608
34 19 640
34 20 672
34 21 704
34 22 736
34 23 768
34 24 816
34 25 848
34 26 880
34 27 912
34 28 944
34 29 976
34 30 1008
34 31 1040
34 32 1088
34 33 1120
34 34 1152
34 35 1184
34 36 1216
34 37 1248
34 38 1280
34 39 1312
34 40 1360
34 41 1392
34 42 1424
34 43 1456
34 44 1488
34 45 1520
34 46 1552
34 47 1584
34 48 1632
34 49 1664
34 50 1696
34 51 1728
34 52 1760
34 53 1792
34 54 1824
34 55 1856
34 56 1904
34 57 1936
34 58 1968
34 59 2000
34 60 2032
34 61 2064
34 62 2096
34 63 2128
35 0 0
35 1 32
35 2 64
35 3 96
35 4 128
35 5 160
35 6 192
35 7 224
35 8 272
35 9 304
35 10 336
35 11 368
35 12 400
35 13 432
35 14 464
35 15 496
35 16 560
35 17 592
35 18 624
35 19 656
35 20 688
35 21 720
35 22 752
35 23 784
35 24 832
35 25 864
35 26 896
35 27 928
35 28 960
35 29 992
35 30 1024
35 31 1056
35 32 1120
35 33 1152
35 34 1184
35 35 1216
35 36 1248
35 37 1280
35 38 1312
35 39 1344
35 40 1392
35 41 1424
35 42 1456
35 43 1488
35 44 1520
35 45 1552
35 46 1584
35 47 1616
35 48 1680
35 49 1712
35 50 1744
35 51 1776
35 52 1808
35 53 1840
35 54 1872
35 55 1904
35 56 1952
35 57 1984
35 58 2016
35 59 2048
35 60 2080
35 61 2112
35 62 2144
35 63 2176
36 0 0
36 1 32
36 2 64
36 3 96
36 4 144
36 5 176
36 6 208
36 7 240
36 8 288
36 9 320
36 10 352
36 11 384
36 12 432
36 13 464
36 14 496
36 15 528
36 16 576
36 17 608
36 18 640
36 19 672
36 20 720
36 21 752
36 22 784
36 23 816
36 24 864
36 25 896
36 26 928
36 27 960
36 28 1008
36 29 1040
36 30 1072
36 31 1104
36 32 1152
36 33 1184
36 34 1216
36 35 1248
36 36 1296
36 37 1328
36 38 1360
36 39 1392
36 40 1440
36 41 1472
36 42 1504
36 43 1536
36 44 1584
36 45 1616
36 46 1648
36 47 1680
36 48 1728
36 49 1760
36 50 1792
36 51 1824
36 52 1872
36 53 1904
36 54 1936
36 55 1968
36 56 2016
36 57 2048
36 58 2080
36 59 2112
36 60 2160
36 61 2192
36 62 2224
36 63 2256
37 0 0
37 1 32
37 2 64
37 3 96
37 4 144
37 5 176
37 6 208
37 7 240
37 8 288
37 9 320
37 10 352
37 11 384
37 12 432
37 13 464
37 14 496
37 15 528
37 16 592
37 17 624
37 18 656
37 19 688
37 20 736
37 21 768
37 22 800
37 23 832
37 24 880
37 25 912
37 26 944
37 27 976
37 28 1024
37 29 1056
37 30 1088
37 31 1120
37 32 1184
37 33 1216
37 34 1248
37 35 1280
37 36 1328
37 37 1360
37 38 1392
37 39 1424
37 40 1472
37 41 1504
37 42 1536
37 43 1568
37 44 1616
37 45 1648
37 46 1680
37 47 1712
37 48 1776
37 49 1808
37 50 1840
37 51 1872
37 52 1920
37 53 1952
37 54 1984
37 55 2016
37 56 2064
37 57 2096
37 58 2128
37 59 2160
37 60 2208
37 61 2240
37 62 2272
37 63 2304
38 0 0
38 1 32
38 2 64
38 3 96
38 4 144
38 5 176
38 6 208
38 7 240
38 8 304
38 9 336
38 10 368
38 11 400
38 12 448
38 13 480
38 14 512
38 15 544
38 16 608
38 17 640
38 18 672
38 19 704
38 20 752
38 21 784
38 22 816
38 23 848
38 24 912
38 25 944
38 26 976
38 27 1008
38 28 1056
38 29 1088
38 30 1120
38 31 1152
38 32 1216
38 33 1248
38 34 1280
38 35 1312
38 36 1360
38 37 1392
38 38 1424
38 39 1456
38 40 1520
38 41 1552
38 42 1584
38 43 1616
38 44 1664
38 45 1696
38 46 1728
38 47 1760
38 48 1824
38 49 1856
38 50 1888
38 51 1920
38 52 1968
38 53 2000
38 54 2032
38 55 2064
38 56 2128
38 57 2160
38 58 2192
38 59 2224
38 60 2272
38 61 2304
38 62 2336
38 63 2368
39 0 0
39 1 32
39 2 64
39 3 96
39 4 144
39 5 176
39 6 208
39 7 240
39 8 304
39 9 336
39 10 368
39 11 400
39 12 448
39 13 480
39 14 512
39 15 544
39 16 624
39 17 656
39 18 688
39 19 720
39 20 768
39 21 800
39 22 832
39 23 864
39 24 928
39 25 960
39 26 992
39 27 1024
39 28 1072
39 29 1104
39 30 1136
39 31 1168
39 32 1248
39 33 1280
39 34 1312
39 35 1344
39 36 1392
39 37 1424
39 38 1456
39 39 1488
39 40 1552
39 41 1584
39 42 1616
39 43 1648
39 44 1696
39 45 1728
39 46 1760
39 47 1792
39 48 1872
39 49 1904
39 50 1936
39 51 1968
39 52 2016
39 53 2048
39 54 2080
39 55 2112
39 56 2176
39 57 2208
39 58 2240
39 59 2272
39 60 2320
39 61 2352
39 62 2384
39 63 2416
40 0 0
40 1 32
40 2 80
40 3 112
40 4 160
40 5 192
40 6 240
40 7 272
40 8 320
40 9 352
40 10 400
40 11 432
40 12 480
40 13 512
40 14 560
40 15 592
40 16 640
40 17 672
40 18 720
40 19 752
40 20 800
40 21 832
40 22 880
40 23 912
40 24 960
40 25 992
40 26 1040
40 27 1072
40 28 1120
40 29 1152
40 30 1200
40 31 1232
40 32 1280
40 33 1312
40 34 1360
40 35 1392
40 36 1440
40 37 1472
40 38 1520
40 39 1552
40 40 1600
40 41 1632
40 42 1680
40 43 1712
40 44 1760
40 45 1792
40 46 1840
40 47 1872
40 48 1920
40 49 1952
40 50 2000
40 51 2032
40 52 2080
40 53 2112
40 54 2160
40 55 2192
40 56 2240
40 57 2272
40 58 2320
40 59 2352
40 60 2400
40 61 2432
40 62 2480
40 63 2512
41 0 0
41 1 32
41 2 80
41 3 112
41 4 160
41 5 192
41 6 240
41 7 272
41 8 320
41 9 352
41 10 400
41 11 432
41 12 480
41 13 512
41 14 560
41 15 592
41 16 656
41 17 688
41 18 736
41 19 768
41 20 816
41 21 848
41 22 896
41 23 928
41 24 976
41 25 1008
41 26 1056
41 27 1088
41 28 1136
41 29 1168
41 30 1216
41 31 1248
41 32 1312
41 33 1344
41 34 1392
41 35 1424
41 36 1472
41 37 1504
41 38 1552
41 39 1584
41 40 1632
41 41 1664
41 42 1712
41 43 1744
41 44 1792
41 45 1824
41 46 1872
41 47 1904
41 48 1968
41 49 2000
41 50 2048
41 51 2080
41 52 2128
41 53 2160
41 54 2208
41 55 2240
41 56 2288
41 57 2320
41 58 2368
41 59 2400
41 60 2448
41 61 2480
41 62 2528
41 63 2560
42 0 0
42 1 32
42 2 80
42 3 112
42 4 160
42 5 192
42 6 240
42 7 272
42 8 336
42 9 368
42 10 416
42 11 448
42 12 496
42 13 528
42 14 576
42 15 608
42 16 672
42 17 704
42 18 752
42 19 784
42 20 832
42 21 864
42 22 912
42 23 944
42 24 1008
42 25 1040
42 26 1088
42 27 1120
42 28 1168
42 29 1200
42 30 1248
42 31 1280
42 32 1344
42 33 1376
42 34 1424
42 35 1456
42 36 1504
42 37 1536
42 38 1584
42 39 1616
42 40 1680
42 41 1712
42 42 1760
42 43 1792
42 44 1840
42 45 1872
42 46 1920
42 47 1952
42 48 2016
42 49 2048
42 50 2096
42 51 2128
42 52 2176
42 53 2208
42 54 2256
42 55 2288
42 56 2352
42 57 2384
42 58 2432
42 59 2464
42 60 2512
42 61 2544
42 62 2592
42 63 2624
43 0 0
43 1 32
43 2 80
43 3 112
43 4 160
43 5 192
43 6 240
43 7 272
43 8 336
43 9 368
43 10 416
43 11 448
43 12 496
43 13 528
43 14 576
43 15 608
43 16 688
43 17 720
43 18 768
43 19 800
43 20 848
43 21 880
43 22 928
43 23 960
43 24 1024
43 25 1056
43 26 1104
43 27 1136
43 28 1184
43 29 1216
43 30 1264
43 31 1296
43 32 1376
43 33 1408
43 34 1456
43 35 1488
43 36 1536
43 37 1568
43 38 1616
43 39 1648
43 40 1712
43 41 1744
43 42 1792
43 43 1824
43 44 1872
43 45 1904
43 46 1952
43 47 1984
43 48 2064
43 49 2096
43 50 2144
43 51 2176
43 52 2224
43 53 2256
43 54 2304
43 55 2336
43 56 2400
43 57 2432
43 58 2480
43 59 2512
43 60 2560
43 61 2592
43 62 2640
43 63 2672
44 0 0
44 1 32
44 2 80
44 3 112
44 4 176
44 5 208
44 6 256
44 7 288
44 8 352
44 9 384
44 10 432
44 11 464
44 12 528
44 13 560
44 14 608
44 15 640
44 16 704
44 17 736
44 18 784
44 19 816
44 20 880
44 21 912
44 22 960
44 23 992
44 24 1056
44 25 1088
44 26 1136
44 27 1168
44 28 1232
44 29 1264
44 30 1312
44 31 1344
44 32 1408
44 33 1440
44 34 1488
44 35 1520
44 36 1584
44 37 1616
44 38 1664
44 39 1696
44 40 1760
44 41 1792
44 42 1840
44 43 1872
44 44 1936
44 45 1968
44 46 2016
44 47 2048
44 48 2112
44 49 2144
44 50 2192
44 51 2224
44 52 2288
44 53 2320
44 54 2368
44 55 2400
44 56 2464
44 57 2496
44 58 2544
44 59 2576
44 60 2640
44 61 2672
44 62 2720
44 63 2752
45 0 0
45 1 32
45 2 80
45 3 112
45 4 176
45 5 208
45 6 256
45 7 288
45 8 352
45 9 384
45 10 432
45 11 464
45 12 528
45 13 560
45 14 608
45 15 640
45 16 720
45 17 752
45 18 800
45 19 832
45 20 896
45 21 928
45 22 976
45 23 1008
45 24 1072
45 25 1104
45 26 1152
45 27 1184
45 28 1248
45 29 1280
45 30 1328
45 31 1360
45 32 1440
45 33 1472
45 34 1520
45 35 1552
45 36 1616
45 37 1648
45 38 1696
45 39 1728
45 40 1792
45 41 1824
45 42 1872
45 43 1904
45 44 1968
45 45 2000
45 46 2048
45 47 2080
45 48 2160
45 49 2192
45 50 2240
45 51 2272
45 52 2336
45 53 2368
45 54 2416
45 55 2448
45 56 2512
45 57 2544
45 58 2592
45 59 2624
45 60 2688
45 61 2720
45 62 2768
45 63 2800
46 0 0
46 1 32
46 2 80
46 3 112
46 4 176
46 5 208
46 6 256
46 7 288
46 8 368
46 9 400
46 10 448
46 11 480
46 12 544
46 13 576
46 14 624
46 15 656
46 16 736
46 17 768
46 18 816
46 19 848
46 20 912
46 21 944
46 22 992
46 23 1024
46 24 1104
46 25 1136
46 26 1184
46 27 1216
46 28 1280
46 29 1312
46 30 1360
46 31 1392
46 32 1472
46 33 1504
46 34 1552
46 35 1584
46 36 1648
46 37 1680
46 38 1728
46 39 1760
46 40 1840
46 41 1872
46 42 1920
46 43 1952
46 44 2016
46 45 2048
46 46 2096
46 47 2128
46 48 2208
46 49 2240
46 50 2288
46 51 2320
46 52 2384
46 53 2416
46 54 2464
46 55 2496
46 56 2576
46 57 2608
46 58 2656
46 59 2688
46 60 2752
46 61 2784
46 62 2832
46 63 2864
47 0 0
47 1 32
47 2 80
47 3 112
47 4 176
47 5 208
47 6 256
47 7 288
47 8 368
47 9 400
47 10 448
47 11 480
47 12 544
47 13 576
47 14 624
47 15 656
47 16 752
47 17 784
47 18 832
47 19 864
47 20 928
47 21 960
47 22 1008
47 23 1040
47 24 1120
47 25 1152
47 26 1200
47 27 1232
47 28 1296
47 29 1328
47 30 1376
47 31 1408
47 32 1504
47 33 1536
47 34 1584
47 35 1616
47 36 1680
47 37 1712
47 38 1760
47 39 1792
47 40 1872
47 41 1904
47 42 1952
47 43 1984
47 44 2048
47 45 2080
47 46 2128
47 47 2160
47 48 2256
47 49 2288
47 50 2336
47 51 2368
47 52 2432
47 53 2464
47 54 2512
47 55 2544
47 56 2624
47 57 2656
47 58 2704
47 59 2736
47 60 2800
47 61 2832
47 62 2880
47 63 2912
48 0 0
48 1 48
48 2 96
48 3 144
48 4 192
48 5 240
48 6 288
48 7 336
48 8 384
48 9 432
48 10 480
48 11 528
48 12 576
48 13 624
48 14 672
48 15 720
48 16 768
48 17 816
48 18 864
48 19 912
48 20 960
48 21 1008
48 22 1056
48 23 1104
48 24 1152
48 25 1200
48 26 1248
48 27 1296
48 28 1344
48 29 1392
48 30 1440
48 31 1488
48 32 1536
48 33 1584
48 34 1632
48 35 1680
48 36 1728
48 37 1776
48 38 1824
48 39 1872
48 40 1920
48 41 1968
48 42 2016
48 43 2064
48 44 2112
48 45 2160
48 46 2208
48 47 2256
48 48 2304
48 49 2352
48 50 2400
48 51 2448
48 52 2496
48 53 2544
48 54 2592
48 55 2640
48 56 2688
48 57 2736
48 58 2784
48 59 2832
48 60 2880
48 61 2928
48 62 2976
48 63 3024
49 0 0
49 1 48
49 2 96
49 3 144
49 4 192
49 5 240
49 6 288
49 7 336
49 8 384
49 9 432
49 10 480
49 11 528
49 12 576
49 13 624
49 14 672
49 15 720
49 16 784
49 17 832
49 18 880
49 19 928
49 20 976
49 21 1024
49 22 1072
49 23 1120
49 24 1168
49 25 1216
49 26 1264
49 27 1312
49 28 1360
49 29 1408
49 30 1456
49 31 1504
49 32 1568
49 33 1616
49 34 1664
49 35 1712
49 36 1760
49 37 1808
49 38 1856
49 39 1904
49 40 1952
49 41 2000
49 42 2048
49 43 2096
49 44 2144
49 45 2192
49 46 2240
49 47 2288
49 48 2352
49 49 2400
49 50 2448
49 51 2496
49 52 2544
49 53 2592
49 54 2640
49 55 2688
49 56 2736
49 57 2784
49 58 2832
49 59 2880
49 60 2928
49 61 2976
49 62 3024
49 63 3072
50 0 0
50 1 48
50 2 96
50 3 144
50 4 192
50 5 240
50 6 288
50 7 336
50 8 400
50 9 448
50 10 496
50 11 544
50 12 592
50 13 640
50 14 688
50 15 736
50 16 800
50 17 848
50 18 896
50 19 944
50 20 992
50 21 1040
50 22 1088
50 23 1136
50 24 1200
50 25 1248
50 26 1296
50 27 1344
50 28 1392
50 29 1440
50 30 1488
50 31 1536
50 32 1600
50 33 1648
50 34 1696
50 35 1744
50 36 1792
50 37 1840
50 38 1888
50 39 1936
50 40 2000
50 41 2048
50 42 2096
50 43 2144
50 44 2192
50 45 2240
50 46 2288
50 47 2336
50 48 2400
50 49 2448
50 50 2496
50 51 2544
50 52 2592
50 53 2640
50 54 2688
50 55 2736
50 56 2800
50 57 2848
50 58 2896
50 59 2944
50 60 2992
50 61 3040
50 62 3088
50 63 3136
51 0 0
51 1 48
51 2 96
51 3 144
51 4 192
51 5 240
51 6 288
51 7 336
51 8 400
51 9 448
51 10 496
51 11 544
51 12 592
51 13 640
51 14 688
51 15 736
51 16 816
51 17 864
51 18 912
51 19 960
51 20 1008
51 21 1056
51 22 1104
51 23 1152
51 24 1216
51 25 1264
51 26 1312
51 27 1360
51 28 1408
51 29 1456
51 30 1504
51 31 1552
51 32 1632
51 33 1680
51 34 1728
51 35 1776
51 36 1824
51 37 1872
51 38 1920
51 39 1968
51 40 2032
51 41 2080
51 42 2128
51 43 2176
51 44 2224
51 45 2272
51 46 2320
51 47 2368
51 48 2448
51 49 2496
51 50 2544
51 51 2592
51 52 2640
51 53 2688
51 54 2736
51 55 2784
51 56 2848
51 57 2896
51 58 2944
51 59 2992
51 60 3040
51 61 3088
51 62 3136
51 63 3184
52 0 0
52 1 48
52 2 96
52 3 144
52 4 208
52 5 256
52 6 304
52 7 352
52 8 416
52 9 464
52 10 512
52 11 560
52 12 624
52 13 672
52 14 720
52 15 768
52 16 832
52 17 880
52 18 928
52 19 976
52 20 1040
52 21 1088
52 22 1136
52 23 1184
52 24 1248
52 25 1296
52 26 1344
52 27 1392
52 28 1456
52 29 1504
52 30 1552
52 31 1600
52 32 1664
52 33 1712
52 34 1760
52 35 1808
52 36 1872
52 37 1920
52 38 1968
52 39 2016
52 40 2080
52 41 2128
52 42 2176
52 43 2224
52 44 2288
52 45 2336
52 46 2384
52 47 2432
52 48 2496
52 49 2544
52 50 2592
52 51 2640
52 52 2704
52 53 2752
52 54 2800
52 55 2848
52 56 2912
52 57 2960
52 58 3008
52 59 3056
52 60 3120
52 61 3168
52 62 3216
52 63 3264
53 0 0
53 1 48
53 2 96
53 3 144
53 4 208
53 5 256
53 6 304
53 7 352
53 8 416
53 9 464
53 10 512
53 11 560
53 12 624
53 13 672
53 14 720
53 15 768
53 16 848
53 17 896
53 18 944
53 19 992
53 20 1056
53 21 1104
53 22 1152
53 23 1200
53 24 1264
53 25 1312
53 26 1360
53 27 1408
53 28 1472
53 29 1520
53 30 1568
53 31 1616
53 32 1696
53 33 1744
53 34 1792
53 35 1840
53 36 1904
53 37 1952
53 38 2000
53 39 2048
53 40 2112
53 41 2160
53 42 2208
53 43 2256
53 44 2320
53 45 2368
53 46 2416
53 47 2464
53 48 2544
53 49 2592
53 50 2640
53 51 2688
53 52 2752
53 53 2800
53 54 2848
53 55 2896
53 56 2960
53 57 3008
53 58 3056
53 59 3104
53 60 3168
53 61 3216
53 62 3264
53 63 3312
54 0 0
54 1 48
54 2 96
54 3 144
54 4 208
54 5 256
54 6 304
54 7 352
54 8 432
54 9 480
54 10 528
54 11 576
54 12 640
54 13 688
54 14 736
54 15 784
54 16 864
54 17 912
54 18 960
54 19 1008
54 20 1072
54 21 1120
54 22 1168
54 23 1216
54 24 1296
54 25 1344
54 26 1392
54 27 1440
54 28 1504
54 29 1552
54 30 1600
54 31 1648
54 32 1728
54 33 1776
54 34 1824
54 35 1872
54 36 1936
54 37 1984
54 38 2032
54 39 2080
54 40 2160
54 41 2208
54 42 2256
54 43 2304
54 44 2368
54 45 2416
54 46 2464
54 47 2512
54 48 2592
54 49 2640
54 50 2688
54 51 2736
54 52 2800
54 53 2848
54 54 2896
54 55 2944
54 56 3024
54 57 3072
54 58 3120
54 59 3168
54 60 3232
54 61 3280
54 62 3328
54 63 3376
55 0 0
55 1 48
55 2 96
55 3 144
55 4 208
55 5 256
55 6 304
55 7 352
55 8 432
55 9 480
55 10 528
55 11 576
55 12 640
55 13 688
55 14 736
55 15 784
55 16 880
55 17 928
55 18 976
55 19 1024
55 20 1088
55 21 1136
55 22 1184
55 23 1232
55 24 1312
55 25 1360
55 26 1408
55 27 1456
55 28 1520
55 29 1568
55 30 1616
55 31 1664
55 32 1760
55 33 1808
55 34 1856
55 35 1904
55 36 1968
55 37 2016
55 38 2064
55 39 2112
55 40 2192
55 41 2240
55 42 2288
55 43 2336
55 44 2400
55 45 2448
55 46 2496
55 47 2544
55 48 2640
55 49 2688
55 50 2736
55 51 2784
55 52 2848
55 53 2896
55 54 2944
55 55 2992
55 56 3072
55 57 3120
55 58 3168
55 59 3216
55 60 3280
55 61 3328
55 62 3376
55 63 3424
56 0 0
56 1 48
56 2 112
56 3 160
56 4 224
56 5 272
56 6 336
56 7 384
56 8 448
56 9 496
56 10 560
56 11 608
56 12 672
56 13 720
56 14 784
56 15 832
56 16 896
56 17 944
56 18 1008
56 19 1056
56 20 1120
56 21 1168
56 22 1232
56 23 1280
56 24 1344
56 25 1392
56 26 1456
56 27 1504
56 28 1568
56 29 1616
56 30 1680
56 31 1728
56 32 1792
56 33 1840
56 34 1904
56 35 1952
56 36 2016
56 37 2064
56 38 2128
56 39 2176
56 40 2240
56 41 2288
56 42 2352
56 43 2400
56 44 2464
56 45 2512
56 46 2576
56 47 2624
56 48 2688
56 49 2736
56 50 2800
56 51 2848
56 52 2912
56 53 2960
56 54 3024
56 55 3072
56 56 3136
56 57 3184
56 58 3248
56 59 3296
56 60 3360
56 61 3408
56 62 3472
56 63 3520
57 0 0
57 1 48
57 2 112
57 3 160
57 4 224
57 5 272
57 6 336
57 7 384
57 8 448
57 9 496
57 10 560
57 11 608
57 12 672
57 13 720
57 14 784
57 15 832
57 16 912
57 17 960
57 18 1024
57 19 1072
57 20 1136
57 21 1184
57 22 1248
57 23 1296
57 24 1360
57 25 1408
57 26 1472
57 27 1520
57 28 1584
57 29 1632
57 30 1696
57 31 1744
57 32 1824
57 33 1872
57 34 1936
57 35 1984
57 36 2048
57 37 2096
57 38 2160
57 39 2208
57 40 2272
57 41 2320
57 42 2384
57 43 2432
57 44 2496
57 45 2544
57 46 2608
57 47 2656
57 48 2736
57 49 2784
57 50 2848
57 51 2896
57 52 2960
57 53 3008
57 54 3072
57 55 3120
57 56 3184
57 57 3232
57 58 3296
57 59 3344
57 60 3408
57 61 3456
57 62 3520
57 63 3568
58 0 0
58 1 48
58 2 112
58 3 160
58 4 224
58 5 272
58 6 336
58 7 384
58 8 464
58 9 512
58 10 576
58 11 624
58 12 688
58 13 736
58 14 800
58 15 848
58 16 928
58 17 976
58 18 1040
58 19 1088
58 20 1152
58 21 1200
58 22 1264
58 23 1312
58 24 1392
58 25 1440
58 26 1504
58 27 1552
58 28 1616
58 29 1664
58 30 1728
58 31 1776
58 32 1856
58 33 1904
58 34 1968
58 35 2016
58 36 2080
58 37 2128
58 38 2192
58 39 2240
58 40 2320
58 41 2368
58 42 2432
58 43 2480
58 44 2544
58 45 2592
58 46 2656
58 47 2704
58 48 2784
58 49 2832
58 50 2896
58 51 2944
58 52 3008
58 53 3056
58 54 3120
58 55 3168
58 56 3248
58 57 3296
58 58 3360
58 59 3408
58 60 3472
58 61 3520
58 62 3584
58 63 3632
59 0 0
59 1 48
59 2 112
59 3 160
59 4 224
59 5 272
59 6 336
59 7 384
59 8 464
59 9 512
59 10 576
59 11 624
59 12 688
59 13 736
59 14 800
59 15 848
59 16 944
59 17 992
59 18 1056
59 19 1104
59 20 1168
59 21 1216
59 22 1280
59 23 1328
59 24 1408
59 25 1456
59 26 1520
59 27 1568
59 28 1632
59 29 1680
59 30 1744
59 31 1792
59 32 1888
59 33 1936
59 34 2000
59 35 2048
59 36 2112
59 37 2160
59 38 2224
59 39 2272
59 40 2352
59 41 2400
59 42 2464
59 43 2512
59 44 2576
59 45 2624
59 46 2688
59 47 2736
59 48 2832
59 49 2880
59 50 2944
59 51 2992
59 52 3056
59 53 3104
59 54 3168
59 55 3216
59 56 3296
59 57 3344
59 58 3408
59 59 3456
59 60 3520
59 61 3568
59 62 3632
59 63 3680
60 0 0
60 1 48
60 2 112
60 3 160
60 4 240
60 5 288
60 6 352
60 7 400
60 8 480
60 9 528
60 10 592
60 11 640
60 12 720
60 13 768
60 14 832
60 15 880
60 16 960
60 17 1008
60 18 1072
60 19 1120
60 20 1200
60 21 1248
60 22 1312
60 23 1360
60 24 1440
60 25 1488
60 26 1552
60 27 1600
60 28 1680
60 29 1728
60 30 1792
60 31 1840
60 32 1920
60 33 1968
60 34 2032
60 35 2080
60 36 2160
60 37 2208
60 38 2272
60 39 2320
60 40 2400
60 41 2448
60 42 2512
60 43 2560
60 44 2640
60 45 2688
60 46 2752
60 47 2800
60 48 2880
60 49 2928
60 50 2992
60 51 3040
60 52 3120
60 53 3168
60 54 3232
60 55 3280
60 56 3360
60 57 3408
60 58 3472
60 59 3520
60 60 3600
60 61 3648
60 62 3712
60 63 3760
61 0 0
61 1 48
61 2 112
61 3 160
61 4 240
61 5 288
61 6 352
61 7 400
61 8 480
61 9 528
61 10 592
61 11 640
61 12 720
61 13 768
61 14 832
61 15 880
61 16 976
61 17 1024
61 18 1088
61 19 1136
61 20 1216
61 21 1264
61 22 1328
61 23 1376
61 24 1456
61 25 1504
61 26 1568
61 27 1616
61 28 1696
61 29 1744
61 30 1808
61 31 1856
61 32 1952
61 33 2000
61 34 2064
61 35 2112
61 36 2192
61 37 2240
61 38 2304
61 39 2352
61 40 2432
61 41 2480
61 42 2544
61 43 2592
61 44 2672
61 45 2720
61 46 2784
61 47 2832
61 48 2928
61 49 2976
61 50 3040
61 51 3088
61 52 3168
61 53 3216
61 54 3280
61 55 3328
61 56 3408
61 57 3456
61 58 3520
61 59 3568
61 60 3648
61 61 3696
61 62 3760
61 63 3808
62 0 0
62 1 48
62 2 112
62 3 160
62 4 240
62 5 288
62 6 352
62 7 400
62 8 496
62 9 544
62 10 608
62 11 656
62 12 736
62 13 784
62 14 848
62 15 896
62 16 992
62 17 1040
62 18 1104
62 19 1152
62 20 1232
62 21 1280
62 22 1344
62 23 1392
62 24 1488
62 25 1536
62 26 1600
62 27 1648
62 28 1728
62 29 1776
62 30 1840
62 31 1888
62 32 1984
62 33 2032
62 34 2096
62 35 2144
62 36 2224
62 37 2272
62 38 2336
62 39 2384
62 40 2480
62 41 2528
62 42 2592
62 43 2640
62 44 2720
62 45 2768
62 46 2832
62 47 2880
62 48 2976
62 49 3024
62 50 3088
62 51 3136
62 52 3216
62 53 3264
62 54 3328
62 55 3376
62 56 3472
62 57 3520
62 58 3584
62 59 3632
62 60 3712
62 61 3760
62 62 3824
62 63 3872
63 0 0
63 1 48
63 2 112
63 3 160
63 4 240
63 5 288
63 6 352
63 7 400
63 8 496
63 9 544
63 10 608
63 11 656
63 12 736
63 13 784
63 14 848
63 15 896
63 16 1008
63 17 1056
63 18 1120
63 19 1168
63 20 1248
63 21 1296
63 22 1360
63 23 1408
63 24 1504
63 25 1552
63 26 1616
63 27 1664
63 28 1744
63 29 1792
63 30 1856
63 31 1904
63 32 2016
63 33 2064
63 34 2128
63 35 2176
63 36 2256
63 37 2304
63 38 2368
63 39 2416
63 40 2512
63 41 2560
63 42 2624
63 43 2672
63 44 2752
63 45 2800
63 46 2864
63 47 2912
63 48 3024
63 49 3072
63 50 3136
63 51 3184
63 52 3264
63 53 3312
63 54 3376
63 55 3424
63 56 3520
63 57 3568
63 58 3632
63 59 3680
63 60 3760
63 61 3808
63 62 3872
63 63 3920
